$design
      [,1] [,2] [,3] [,4] [,5] [,6] [,7] [,8] [,9] [,10] [,11] [,12] [,13] [,14] [,15] [,16] [,17]
 [1,]    1    1    1   -1   -1   -1   -1    1    1     1    -1    -1    -1     1     1     1     1
 [2,]    1    1    1   -1   -1   -1   -1    1    1     1    -1    -1    -1    -1    -1     1    -1
 [3,]    1    1    1   -1   -1   -1   -1    1    1     1    -1    -1    -1    -1     1    -1    -1
 [4,]    1   -1   -1    1    1   -1    1   -1   -1     1    -1     1    -1     1     1     1     1
 [5,]    1   -1   -1    1    1   -1    1   -1   -1     1    -1     1    -1    -1    -1     1    -1
 [6,]    1   -1   -1    1    1   -1    1   -1   -1     1    -1     1     1     1    -1    -1     1
 [7,]    1    1    1    1    1    1   -1    1   -1    -1     1     1    -1     1     1     1     1
 [8,]    1    1    1    1    1    1   -1    1   -1    -1     1     1    -1    -1     1    -1    -1
 [9,]    1    1    1    1    1    1   -1    1   -1    -1     1     1     1     1    -1    -1    -1
[10,]   -1   -1   -1   -1   -1   -1   -1   -1    1    -1     1     1    -1     1     1     1     1
[11,]   -1   -1   -1   -1   -1   -1   -1   -1    1    -1     1     1     1     1    -1    -1     1
[12,]   -1   -1   -1   -1   -1   -1   -1   -1    1    -1     1     1     1     1    -1    -1    -1
[13,]   -1    1   -1   -1    1    1   -1   -1   -1    -1    -1    -1    -1    -1    -1     1    -1
[14,]   -1    1   -1   -1    1    1   -1   -1   -1    -1    -1    -1    -1    -1     1    -1    -1
[15,]   -1    1   -1   -1    1    1   -1   -1   -1    -1    -1    -1     1    -1     1     1     1
[16,]   -1   -1    1    1   -1    1    1    1    1    -1    -1     1    -1    -1    -1     1    -1
[17,]   -1   -1    1    1   -1    1    1    1    1    -1    -1     1     1     1    -1    -1     1
[18,]   -1   -1    1    1   -1    1    1    1    1    -1    -1     1     1    -1     1     1     1
[19,]    1   -1    1   -1    1    1    1   -1    1     1     1    -1    -1    -1     1    -1    -1
[20,]    1   -1    1   -1    1    1    1   -1    1     1     1    -1     1     1    -1    -1    -1
[21,]    1   -1    1   -1    1    1    1   -1    1     1     1    -1     1    -1     1     1     1
[22,]   -1    1   -1    1   -1   -1    1    1   -1     1     1    -1     1     1    -1    -1     1
[23,]   -1    1   -1    1   -1   -1    1    1   -1     1     1    -1     1     1    -1    -1    -1
[24,]   -1    1   -1    1   -1   -1    1    1   -1     1     1    -1     1    -1     1     1     1
      [,18] [,19] [,20] [,21] [,22]
 [1,]    -1    -1     1     1    -1
 [2,]     1     1     1    -1    -1
 [3,]    -1     1    -1     1     1
 [4,]    -1    -1     1     1    -1
 [5,]     1     1     1    -1    -1
 [6,]     1     1    -1     1    -1
 [7,]    -1    -1     1     1    -1
 [8,]    -1     1    -1     1     1
 [9,]    -1    -1     1    -1     1
[10,]    -1    -1     1     1    -1
[11,]     1     1    -1     1    -1
[12,]    -1    -1     1    -1     1
[13,]     1     1     1    -1    -1
[14,]    -1     1    -1     1     1
[15,]     1    -1    -1    -1     1
[16,]     1     1     1    -1    -1
[17,]     1     1    -1     1    -1
[18,]     1    -1    -1    -1     1
[19,]    -1     1    -1     1     1
[20,]    -1    -1     1    -1     1
[21,]     1    -1    -1    -1     1
[22,]     1     1    -1     1    -1
[23,]    -1    -1     1    -1     1
[24,]     1    -1    -1    -1     1

$value
[1] 2.394455

> toc()
46704.11 sec elapsed

[1] 2.370734 2.392200 2.392306 2.394343 2.394394 2.394394 2.394401 2.394455 2.394455 2.394455
 [11] 2.394455 2.394455 2.394455 2.394455 2.394455 2.394455 2.394455 2.394455 2.394455 2.394455
 [21] 2.394455 2.394455 2.394455 2.394455 2.394455 2.394455 2.394455 2.394455 2.394455 2.394455
 [31] 2.394455 2.394455 2.394455 2.394455 2.394455 2.394455 2.394455 2.394455 2.394455 2.394455
 [41] 2.394455 2.394455 2.394455 2.394455 2.394455 2.394455 2.394455 2.394455 2.394455 2.394455
 [51] 2.394455 2.394455 2.394455 2.394455 2.394455 2.394455 2.394455 2.394455 2.394455 2.394455
 [61] 2.394455 2.394455 2.394455 2.394455 2.394455 2.394455 2.394455 2.394455 2.394455 2.394455
 [71] 2.394455 2.394455 2.394455 2.394455 2.394455 2.394455 2.394455 2.394455 2.394455 2.394455
 [81] 2.394455 2.394455 2.394455 2.394455 2.394455 2.394455 2.394455 2.394455 2.394455 2.394455
 [91] 2.394455 2.394455 2.394455 2.394455 2.394455 2.394455 2.394455 2.394455 2.394455 2.394455
[101] 2.394455 2.394455 2.394455 2.394455 2.394455 2.394455 2.394455 2.394455 2.394455 2.394455
[111] 2.394455 2.394455 2.394455 2.394455 2.394455 2.394455 2.394455 2.394455 2.394455 2.394455
[121] 2.394455 2.394455 2.394455 2.394455 2.394455 2.394455 2.394455 2.394455 2.394455 2.394455
[131] 2.394455 2.394455 2.394455 2.394455 2.394455 2.394455 2.394455 2.394455 2.394455 2.394455
[141] 2.394455 2.394455 2.394455 2.394455 2.394455 2.394455 2.394455 2.394455 2.394455 2.394455
[151] 2.394455 2.394455 2.394455 2.394455 2.394455 2.394455 2.394455 2.394455 2.394455 2.394455
[161] 2.394455 2.394455 2.394455 2.394455 2.394455 2.394455 2.394455 2.394455 2.394455