[[1]]
[[1]]$design
      [,1] [,2] [,3] [,4] [,5] [,6] [,7] [,8] [,9] [,10] [,11] [,12] [,13] [,14] [,15]
 [1,]   -1   -1   -1    1    1   -1   -1   -1   -1     1     1     1     1     1    -1
 [2,]   -1   -1   -1    1    1   -1   -1   -1   -1     1    -1    -1    -1    -1     1
 [3,]   -1   -1   -1    1    1    1    1   -1    1    -1    -1    -1     1     1    -1
 [4,]   -1   -1   -1    1    1    1    1   -1    1    -1     1     1    -1    -1     1
 [5,]    1    1   -1   -1   -1    1    1   -1    1    -1     1    -1     1    -1     1
 [6,]    1    1   -1   -1   -1    1    1   -1    1    -1    -1     1    -1     1    -1
 [7,]    1    1   -1   -1   -1    1   -1    1   -1    -1     1    -1    -1    -1    -1
 [8,]    1    1   -1   -1   -1    1   -1    1   -1    -1    -1     1     1     1     1
 [9,]    1    1    1    1    1    1   -1    1   -1    -1     1    -1     1     1     1
[10,]    1    1    1    1    1    1   -1    1   -1    -1    -1     1    -1    -1    -1
[11,]    1    1    1    1    1   -1    1    1    1     1     1     1    -1     1     1
[12,]    1    1    1    1    1   -1    1    1    1     1    -1    -1     1    -1    -1
[13,]   -1   -1    1   -1   -1   -1    1    1    1     1    -1    -1    -1     1     1
[14,]   -1   -1    1   -1   -1   -1    1    1    1     1     1     1     1    -1    -1
[15,]   -1   -1    1   -1   -1   -1   -1   -1   -1     1    -1     1     1    -1     1
[16,]   -1   -1    1   -1   -1   -1   -1   -1   -1     1     1    -1    -1     1    -1

[[1]]$value
[1] 1.432316


[[2]]
  [1] 1.417840 1.426640 1.427906 1.429024 1.429411 1.430980 1.430980 1.430980 1.431006
 [10] 1.431874 1.431874 1.431874 1.431874 1.432217 1.432217 1.432217 1.432217 1.432217
 [19] 1.432217 1.432217 1.432217 1.432217 1.432217 1.432217 1.432217 1.432217 1.432217
 [28] 1.432217 1.432217 1.432217 1.432217 1.432217 1.432217 1.432217 1.432217 1.432217
 [37] 1.432217 1.432217 1.432217 1.432217 1.432217 1.432316 1.432316 1.432316 1.432316
 [46] 1.432316 1.432316 1.432316 1.432316 1.432316 1.432316 1.432316 1.432316 1.432316
 [55] 1.432316 1.432316 1.432316 1.432316 1.432316 1.432316 1.432316 1.432316 1.432316
 [64] 1.432316 1.432316 1.432316 1.432316 1.432316 1.432316 1.432316 1.432316 1.432316
 [73] 1.432316 1.432316 1.432316 1.432316 1.432316 1.432316 1.432316 1.432316 1.432316
 [82] 1.432316 1.432316 1.432316 1.432316 1.432316 1.432316 1.432316 1.432316 1.432316
 [91] 1.432316 1.432316 1.432316 1.432316 1.432316 1.432316 1.432316 1.432316 1.432316
[100] 1.432316 1.432316 1.432316 1.432316 1.432316 1.432316 1.432316 1.432316 1.432316
[109] 1.432316 1.432316 1.432316 1.432316 1.432316 1.432316 1.432316 1.432316 1.432316
[118] 1.432316 1.432316 1.432316 1.432316 1.432316 1.432316 1.432316 1.432316 1.432316
[127] 1.432316 1.432316 1.432316 1.432316 1.432316 1.432316 1.432316 1.432316 1.432316
[136] 1.432316 1.432316 1.432316 1.432316 1.432316 1.432316 1.432316 1.432316

[1] 3.946117
