[[1]]
[[1]]$design
      [,1] [,2] [,3] [,4] [,5] [,6] [,7] [,8] [,9] [,10] [,11] [,12] [,13] [,14] [,15]
 [1,]   -1   -1    1    1   -1    1   -1   -1    1     1    -1    -1     1     1     1
 [2,]   -1   -1    1    1   -1    1   -1   -1    1     1    -1    -1     1     1    -1
 [3,]   -1   -1    1    1   -1    1   -1    1   -1    -1    -1     1     1    -1     1
 [4,]   -1   -1    1    1   -1    1   -1    1   -1    -1    -1     1     1    -1    -1
 [5,]   -1   -1   -1   -1    1   -1    1    1   -1    -1    -1     1     1    -1    -1
 [6,]   -1   -1   -1   -1    1   -1    1    1   -1    -1    -1     1     1    -1    -1
 [7,]   -1   -1   -1   -1    1   -1    1   -1    1    -1     1     1    -1     1     1
 [8,]   -1   -1   -1   -1    1   -1    1   -1    1    -1     1     1    -1     1     1
 [9,]    1    1   -1    1   -1    1    1   -1    1    -1     1     1    -1     1    -1
[10,]    1    1   -1    1   -1    1    1   -1    1    -1     1     1    -1     1    -1
[11,]    1    1   -1    1   -1    1    1    1    1     1    -1    -1    -1    -1     1
[12,]    1    1   -1    1   -1    1    1    1    1     1    -1    -1    -1    -1     1
[13,]   -1    1    1    1    1   -1   -1    1    1     1    -1    -1    -1    -1    -1
[14,]   -1    1    1    1    1   -1   -1    1    1     1    -1    -1    -1    -1     1
[15,]   -1    1    1    1    1   -1   -1   -1   -1    -1     1    -1     1    -1    -1
[16,]   -1    1    1    1    1   -1   -1   -1   -1    -1     1    -1     1    -1     1
[17,]    1   -1   -1   -1    1    1   -1   -1   -1    -1     1    -1     1    -1     1
[18,]    1   -1   -1   -1    1    1   -1   -1   -1    -1     1    -1     1    -1    -1
[19,]    1   -1   -1   -1    1    1   -1    1   -1     1     1     1    -1     1    -1
[20,]    1   -1   -1   -1    1    1   -1    1   -1     1     1     1    -1     1     1
[21,]    1    1    1   -1   -1   -1    1    1   -1     1     1     1    -1     1    -1
[22,]    1    1    1   -1   -1   -1    1    1   -1     1     1     1    -1     1     1
[23,]    1    1    1   -1   -1   -1    1   -1    1     1    -1    -1     1     1     1
[24,]    1    1    1   -1   -1   -1    1   -1    1     1    -1    -1     1     1    -1
      [,16] [,17] [,18] [,19] [,20] [,21] [,22]
 [1,]     1    -1    -1    -1    -1     1    -1
 [2,]    -1     1    -1     1    -1     1     1
 [3,]     1     1    -1    -1     1    -1     1
 [4,]     1    -1     1     1    -1     1    -1
 [5,]     1     1    -1    -1     1     1    -1
 [6,]    -1     1    -1     1    -1    -1     1
 [7,]     1    -1     1     1     1    -1     1
 [8,]    -1     1     1     1     1     1    -1
 [9,]     1     1    -1    -1     1    -1    -1
[10,]     1     1    -1     1    -1    -1     1
[11,]    -1     1     1     1    -1    -1    -1
[12,]    -1    -1     1    -1     1    -1     1
[13,]     1    -1     1     1     1     1     1
[14,]    -1    -1    -1    -1    -1    -1    -1
[15,]     1     1     1     1     1    -1    -1
[16,]    -1     1     1    -1    -1     1     1
[17,]    -1    -1    -1    -1     1     1     1
[18,]     1    -1    -1     1     1     1    -1
[19,]    -1    -1    -1    -1     1    -1     1
[20,]     1     1     1    -1     1    -1    -1
[21,]    -1    -1     1    -1    -1     1    -1
[22,]    -1    -1    -1     1    -1     1     1
[23,]    -1     1     1     1    -1     1    -1
[24,]     1    -1     1    -1    -1    -1     1

[[1]]$value
[1] 1.530289


[[2]]
  [1] 1.389988 1.476482 1.476482 1.476482 1.476482 1.476482 1.476482 1.476482 1.476482
 [10] 1.478658 1.478658 1.478658 1.481937 1.481937 1.481937 1.484911 1.484911 1.484911
 [19] 1.484911 1.484911 1.484911 1.484911 1.484911 1.484911 1.491458 1.491458 1.491458
 [28] 1.491458 1.500643 1.500643 1.500643 1.500643 1.500643 1.500643 1.500643 1.500643
 [37] 1.500643 1.500643 1.500643 1.500643 1.500643 1.500643 1.500643 1.500643 1.500643
 [46] 1.500643 1.500643 1.500643 1.500643 1.500643 1.500643 1.500643 1.500643 1.500643
 [55] 1.500643 1.500643 1.500643 1.500643 1.500643 1.500643 1.500643 1.500643 1.500643
 [64] 1.508319 1.508319 1.508319 1.508319 1.508319 1.508319 1.508319 1.508319 1.508319
 [73] 1.512800 1.512800 1.512800 1.512800 1.512800 1.512800 1.512800 1.512800 1.512800
 [82] 1.512800 1.512800 1.512800 1.512800 1.512800 1.512800 1.512800 1.512800 1.512800
 [91] 1.512800 1.512800 1.512800 1.512800 1.512800 1.512800 1.512800 1.512800 1.512800
[100] 1.512800 1.529665 1.529665 1.529665 1.529665 1.529665 1.529665 1.529665 1.529665
[109] 1.529665 1.529665 1.529665 1.529665 1.529665 1.529665 1.529665 1.529665 1.529665
[118] 1.529665 1.529665 1.529665 1.529665 1.529665 1.529665 1.529665 1.529665 1.529665
[127] 1.529665 1.529665 1.529665 1.529665 1.529665 1.529665 1.529665 1.529665 1.529665
[136] 1.529665 1.529665 1.529665 1.529665 1.529665 1.529665 1.529665 1.529665 1.529665
[145] 1.529665 1.529665 1.529665 1.529665 1.529665 1.529665 1.529665 1.529665 1.529665
[154] 1.529665 1.529665 1.529665 1.529665 1.529665 1.529665 1.529665 1.529665 1.529665
[163] 1.529665 1.529665 1.529665 1.529665 1.529665 1.529665 1.529665 1.529665 1.529665
[172] 1.529665 1.529665 1.529665 1.529665 1.529665 1.529665 1.529665 1.529665 1.529665
[181] 1.529665 1.529665 1.529665 1.529665 1.529665 1.529665 1.529665 1.529665 1.529665
[190] 1.529665 1.529665 1.529665 1.529665 1.529665 1.529665 1.529665 1.529665 1.529665
[199] 1.529665 1.529665 1.529665 1.529665 1.529665 1.529665 1.529665 1.529665 1.530289
[208] 1.530289 1.530289 1.530289 1.530289 1.530289 1.530289 1.530289 1.530289 1.530289
[217] 1.530289 1.530289 1.530289 1.530289 1.530289 1.530289 1.530289 1.530289 1.530289
[226] 1.530289 1.530289 1.530289 1.530289 1.530289 1.530289 1.530289 1.530289 1.530289
[235] 1.530289 1.530289 1.530289 1.530289 1.530289 1.530289 1.530289 1.530289 1.530289
[244] 1.530289 1.530289 1.530289 1.530289 1.530289 1.530289 1.530289 1.530289 1.530289
[253] 1.530289 1.530289 1.530289 1.530289 1.530289 1.530289 1.530289 1.530289 1.530289
[262] 1.530289 1.530289 1.530289 1.530289 1.530289 1.530289 1.530289 1.530289 1.530289
[271] 1.530289 1.530289 1.530289 1.530289 1.530289 1.530289 1.530289 1.530289 1.530289
[280] 1.530289 1.530289 1.530289 1.530289 1.530289 1.530289 1.530289 1.530289 1.530289
[289] 1.530289 1.530289 1.530289 1.530289 1.530289 1.530289 1.530289 1.530289 1.530289
[298] 1.530289 1.530289 1.530289 1.530289 1.530289 1.530289 1.530289 1.530289 1.530289
[307] 1.530289 1.530289 1.530289 1.530289 1.530289 1.530289 1.530289 1.530289 1.530289
[316] 1.530289 1.530289 1.530289 1.530289 1.530289 1.530289 1.530289 1.530289 1.530289
[325] 1.530289 1.530289 1.530289 1.530289 1.530289 1.530289 1.530289 1.530289 1.530289
[334] 1.530289 1.530289 1.530289 1.530289 1.530289 1.530289 1.530289 1.530289 1.530289
[343] 1.530289 1.530289 1.530289 1.530289 1.530289 1.530289 1.530289 1.530289 1.530289
[352] 1.530289 1.530289 1.530289 1.530289 1.530289 1.530289 1.530289 1.530289 1.530289
[361] 1.530289 1.530289 1.530289 1.530289 1.530289 1.530289 1.530289 1.530289 1.530289
[370] 1.530289 1.530289 1.530289 1.530289 1.530289 1.530289 1.530289 1.530289 1.530289
[379] 1.530289 1.530289 1.530289 1.530289 1.530289 1.530289 1.530289 1.530289 1.530289
[388] 1.530289 1.530289 1.530289 1.530289 1.530289 1.530289 1.530289 1.530289 1.530289
[397] 1.530289 1.530289 1.530289 1.530289 1.530289 1.530289 1.530289 1.530289 1.530289
[406] 1.530289 1.530289 1.530289 1.530289 1.530289 1.530289 1.530289 1.530289 1.530289
[415] 1.530289 1.530289 1.530289 1.530289 1.530289 1.530289 1.530289 1.530289 1.530289
[424] 1.530289 1.530289 1.530289 1.530289 1.530289 1.530289 1.530289 1.530289 1.530289
[433] 1.530289 1.530289 1.530289 1.530289 1.530289 1.530289 1.530289 1.530289 1.530289
[442] 1.530289 1.530289 1.530289 1.530289 1.530289 1.530289 1.530289 1.530289 1.530289
[451] 1.530289 1.530289 1.530289 1.530289 1.530289 1.530289 1.530289 1.530289 1.530289
[460] 1.530289 1.530289 1.530289 1.530289 1.530289 1.530289 1.530289 1.530289 1.530289
[469] 1.530289 1.530289 1.530289 1.530289 1.530289 1.530289 1.530289 1.530289 1.530289
[478] 1.530289 1.530289 1.530289 1.530289 1.530289 1.530289 1.530289 1.530289 1.530289
[487] 1.530289 1.530289 1.530289 1.530289 1.530289 1.530289 1.530289 1.530289 1.530289
[496] 1.530289 1.530289 1.530289 1.530289 1.530289 1.530289

[1] 5.725103