[[1]]
[[1]]$design
      [,1] [,2] [,3] [,4] [,5] [,6] [,7] [,8] [,9] [,10] [,11] [,12] [,13] [,14] [,15] [,16] [,17]
 [1,]    1    1   -1   -1   -1    1    1   -1    1    -1     1    -1     1     1    -1    -1     1
 [2,]    1    1   -1   -1   -1    1    1   -1    1     1    -1    -1    -1    -1     1     1    -1
 [3,]    1    1   -1   -1   -1    1    1    1   -1    -1     1     1    -1    -1    -1     1     1
 [4,]    1    1   -1   -1   -1    1    1    1   -1     1    -1     1     1     1     1    -1    -1
 [5,]   -1   -1    1    1    1    1    1   -1    1    -1    -1     1     1     1    -1    -1     1
 [6,]   -1   -1    1    1    1    1    1   -1    1     1     1    -1     1    -1    -1     1    -1
 [7,]   -1   -1    1    1    1    1    1    1    1    -1     1     1    -1     1     1     1    -1
 [8,]   -1   -1    1    1    1    1    1   -1   -1     1    -1    -1     1     1     1     1     1
 [9,]    1    1    1    1   -1   -1   -1    1    1     1    -1     1    -1     1    -1    -1     1
[10,]    1    1    1    1   -1   -1   -1   -1   -1    -1     1    -1     1    -1    -1    -1    -1
[11,]    1    1    1    1   -1   -1   -1    1    1    -1     1    -1     1     1    -1     1    -1
[12,]    1    1    1    1   -1   -1   -1   -1   -1     1     1     1    -1    -1     1    -1     1
[13,]   -1    1   -1   -1    1   -1    1   -1   -1    -1    -1    -1    -1     1     1    -1     1
[14,]   -1    1   -1   -1    1   -1    1   -1   -1    -1     1     1     1    -1    -1    -1     1
[15,]   -1    1   -1   -1    1   -1    1    1    1    -1    -1    -1    -1    -1    -1    -1    -1
[16,]   -1    1   -1   -1    1   -1    1    1   -1     1    -1    -1     1     1    -1     1     1
[17,]    1   -1    1   -1    1    1   -1    1    1     1     1     1     1     1     1     1    -1
[18,]    1   -1    1   -1    1    1   -1   -1   -1    -1    -1     1    -1     1    -1    -1    -1
[19,]    1   -1    1   -1    1    1   -1    1    1    -1    -1     1    -1    -1     1     1     1
[20,]    1   -1    1   -1    1    1   -1   -1   -1     1     1    -1    -1    -1     1    -1    -1
[21,]   -1   -1   -1    1   -1   -1   -1    1    1    -1    -1     1     1    -1     1     1    -1
[22,]   -1   -1   -1    1   -1   -1   -1    1   -1     1     1    -1    -1     1    -1     1    -1
[23,]   -1   -1   -1    1   -1   -1   -1    1   -1     1     1    -1    -1    -1     1    -1     1
[24,]   -1   -1   -1    1   -1   -1   -1   -1    1     1    -1     1     1    -1     1     1     1
      [,18] [,19] [,20] [,21] [,22]
 [1,]     1    -1     1     1     1
 [2,]     1     1    -1    -1     1
 [3,]    -1     1     1     1    -1
 [4,]     1    -1     1    -1     1
 [5,]     1     1    -1    -1     1
 [6,]    -1    -1     1     1    -1
 [7,]     1    -1     1    -1    -1
 [8,]    -1     1    -1     1     1
 [9,]    -1     1    -1     1    -1
[10,]    -1    -1     1    -1     1
[11,]     1     1     1    -1    -1
[12,]     1    -1     1    -1     1
[13,]    -1    -1    -1     1    -1
[14,]    -1    -1    -1     1     1
[15,]     1     1     1     1     1
[16,]     1    -1    -1    -1    -1
[17,]    -1    -1    -1    -1     1
[18,]     1     1    -1     1    -1
[19,]    -1    -1     1    -1    -1
[20,]     1     1    -1     1    -1
[21,]     1    -1    -1     1     1
[22,]    -1     1     1    -1     1
[23,]    -1     1    -1    -1    -1
[24,]    -1     1     1     1    -1

[[1]]$value
[1] 2.40099


[[2]]
  [1] 1.392985 1.418752 1.772408 1.818499 1.926783 1.973278 2.019454 2.019454 2.019454 2.081687
 [11] 2.081687 2.081687 2.081687 2.081687 2.081687 2.109137 2.142573 2.147807 2.147807 2.147807
 [21] 2.240910 2.240910 2.240910 2.240910 2.240910 2.240910 2.240910 2.240910 2.240910 2.240910
 [31] 2.240910 2.244536 2.244536 2.244536 2.244536 2.244536 2.244536 2.244536 2.244536 2.244536
 [41] 2.244536 2.244536 2.244536 2.244536 2.244536 2.244536 2.244536 2.247391 2.247391 2.247391
 [51] 2.247391 2.247391 2.247391 2.247391 2.256005 2.256005 2.256005 2.256084 2.256084 2.256084
 [61] 2.256084 2.256084 2.256084 2.256084 2.257647 2.257647 2.257647 2.257647 2.257647 2.257647
 [71] 2.257667 2.257667 2.257667 2.257667 2.257667 2.272963 2.272963 2.272963 2.272963 2.272963
 [81] 2.272963 2.272963 2.276972 2.276972 2.276972 2.276972 2.276972 2.276972 2.276972 2.276972
 [91] 2.276972 2.276972 2.276972 2.283384 2.283384 2.283384 2.287458 2.287458 2.287458 2.287458
[101] 2.287458 2.287458 2.287458 2.287458 2.287458 2.287458 2.287458 2.287458 2.287458 2.291209
[111] 2.291209 2.291209 2.291209 2.291209 2.307315 2.307315 2.307315 2.307315 2.307315 2.307315
[121] 2.307315 2.307315 2.316237 2.316237 2.316237 2.316237 2.317643 2.317643 2.317643 2.317643
[131] 2.317643 2.317643 2.317643 2.327512 2.327512 2.327512 2.327512 2.327512 2.327512 2.327512
[141] 2.327512 2.327512 2.327512 2.327512 2.327512 2.327512 2.327512 2.327512 2.327512 2.327512
[151] 2.327512 2.327512 2.327512 2.327512 2.328248 2.328248 2.328248 2.328248 2.328248 2.328248
[161] 2.328248 2.328248 2.328248 2.328248 2.328248 2.328248 2.328248 2.328248 2.328248 2.328248
[171] 2.328248 2.328248 2.328248 2.328248 2.328248 2.328248 2.328248 2.328248 2.328248 2.328248
[181] 2.328248 2.328248 2.328248 2.328248 2.328248 2.328248 2.328248 2.328248 2.328248 2.328248
[191] 2.328248 2.328248 2.328248 2.328248 2.328248 2.328248 2.328248 2.328248 2.328248 2.328248
[201] 2.328248 2.329012 2.329012 2.329012 2.329012 2.329012 2.353965 2.353965 2.353965 2.353965
[211] 2.353965 2.353965 2.353965 2.353965 2.353965 2.353965 2.353965 2.353965 2.353965 2.353965
[221] 2.353965 2.353965 2.353965 2.353965 2.353965 2.353965 2.353965 2.353965 2.353965 2.353965
[231] 2.353965 2.353965 2.353965 2.353965 2.353965 2.353965 2.353965 2.353965 2.353965 2.353965
[241] 2.353965 2.353965 2.353965 2.353965 2.353965 2.353965 2.353965 2.353965 2.353965 2.353965
[251] 2.353965 2.353965 2.353965 2.353965 2.355719 2.355719 2.355719 2.364264 2.364264 2.364264
[261] 2.364264 2.364264 2.364264 2.364264 2.364264 2.364264 2.364264 2.364264 2.364264 2.364264
[271] 2.364264 2.364264 2.364264 2.364264 2.364264 2.364264 2.364264 2.364264 2.364264 2.364264
[281] 2.364264 2.364264 2.364264 2.364264 2.364264 2.364264 2.364264 2.364264 2.364264 2.364264
[291] 2.364264 2.364264 2.364264 2.364264 2.364264 2.364264 2.364264 2.364264 2.364264 2.364264
[301] 2.364264 2.364264 2.364264 2.400990 2.400990 2.400990 2.400990 2.400990 2.400990 2.400990
[311] 2.400990 2.400990 2.400990 2.400990 2.400990 2.400990 2.400990 2.400990 2.400990 2.400990
[321] 2.400990 2.400990 2.400990 2.400990 2.400990 2.400990 2.400990 2.400990 2.400990 2.400990
[331] 2.400990 2.400990 2.400990 2.400990 2.400990 2.400990 2.400990 2.400990 2.400990 2.400990
[341] 2.400990 2.400990 2.400990 2.400990 2.400990 2.400990 2.400990 2.400990 2.400990 2.400990
[351] 2.400990 2.400990 2.400990 2.400990 2.400990 2.400990 2.400990 2.400990 2.400990 2.400990
[361] 2.400990 2.400990 2.400990 2.400990 2.400990 2.400990 2.400990 2.400990 2.400990 2.400990
[371] 2.400990 2.400990 2.400990 2.400990 2.400990 2.400990 2.400990 2.400990 2.400990 2.400990
[381] 2.400990 2.400990 2.400990 2.400990 2.400990 2.400990 2.400990 2.400990 2.400990 2.400990
[391] 2.400990 2.400990 2.400990 2.400990 2.400990 2.400990 2.400990 2.400990 2.400990 2.400990
[401] 2.400990 2.400990 2.400990 2.400990

[1] 7.782504