[[1]]
[[1]]$design
      [,1] [,2] [,3] [,4] [,5] [,6] [,7] [,8] [,9] [,10] [,11] [,12] [,13]
 [1,]    1   -1    1   -1   -1   -1   -1    1   -1     1    -1    -1     1
 [2,]    1    1   -1    1   -1   -1    1   -1    1     1    -1    -1    -1
 [3,]   -1    1   -1   -1   -1   -1    1    1   -1     1     1    -1    -1
 [4,]   -1   -1   -1    1   -1   -1   -1    1   -1    -1     1     1     1
 [5,]    1    1    1    1    1    1   -1    1    1     1     1     1    -1
 [6,]    1   -1    1   -1    1    1   -1   -1   -1     1    -1     1    -1
 [7,]   -1    1    1   -1   -1   -1   -1   -1    1    -1    -1    -1     1
 [8,]   -1   -1   -1    1    1    1   -1    1    1     1    -1     1     1
 [9,]   -1   -1   -1   -1    1   -1   -1   -1    1     1     1     1    -1
[10,]   -1   -1    1   -1   -1    1   -1   -1    1    -1     1    -1    -1
[11,]    1   -1   -1    1   -1   -1    1    1    1    -1    -1     1    -1
[12,]    1    1    1    1   -1   -1   -1    1   -1    -1    -1    -1    -1
[13,]    1   -1   -1   -1    1   -1   -1   -1    1    -1     1    -1     1
[14,]   -1   -1    1    1    1    1    1   -1   -1    -1    -1    -1     1
[15,]   -1    1    1   -1   -1    1    1   -1    1     1    -1     1     1
[16,]   -1    1   -1    1   -1    1    1    1   -1     1     1     1     1
[17,]   -1    1   -1   -1    1    1    1   -1   -1    -1    -1    -1    -1
[18,]    1    1   -1    1   -1    1   -1   -1   -1    -1     1     1     1
[19,]   -1   -1    1    1    1    1    1    1    1     1     1    -1    -1
[20,]   -1    1    1    1    1   -1    1   -1   -1     1    -1     1     1
[21,]    1   -1    1   -1   -1    1    1    1   -1    -1     1     1    -1
[22,]    1   -1   -1    1    1   -1    1   -1   -1     1     1    -1    -1
[23,]    1    1   -1   -1    1    1   -1    1    1    -1    -1    -1     1
[24,]    1    1    1   -1    1   -1    1    1    1    -1     1     1     1
      [,14] [,15] [,16] [,17] [,18] [,19] [,20] [,21] [,22] [,23] [,24] [,25]
 [1,]     1    -1     1    -1    -1     1     1     1    -1    -1    -1     1
 [2,]     1    -1     1     1    -1     1    -1    -1    -1     1     1    -1
 [3,]    -1     1    -1     1     1     1     1    -1    -1    -1    -1     1
 [4,]     1    -1     1     1     1    -1     1    -1    -1     1     1    -1
 [5,]     1     1     1     1    -1    -1     1     1     1    -1     1     1
 [6,]    -1     1     1     1     1     1    -1     1    -1     1    -1     1
 [7,]     1     1    -1     1    -1    -1    -1    -1     1    -1    -1     1
 [8,]     1    -1    -1     1     1    -1    -1    -1    -1    -1    -1     1
 [9,]    -1    -1     1    -1    -1     1    -1    -1     1    -1    -1    -1
[10,]    -1    -1     1    -1     1    -1     1     1    -1    -1     1    -1
[11,]    -1     1    -1    -1     1    -1     1     1     1     1    -1    -1
[12,]    -1    -1     1    -1     1     1    -1     1     1     1     1     1
[13,]    -1    -1    -1     1    -1     1     1     1     1     1     1     1
[14,]    -1     1     1     1    -1     1     1    -1     1    -1    -1    -1
[15,]     1    -1    -1    -1     1     1     1    -1     1     1     1     1
[16,]    -1     1     1    -1    -1    -1    -1     1     1    -1     1     1
[17,]     1    -1     1    -1    -1    -1    -1     1     1     1    -1    -1
[18,]     1     1    -1    -1     1     1     1    -1     1    -1    -1    -1
[19,]     1     1    -1    -1    -1     1    -1     1    -1     1     1    -1
[20,]    -1    -1    -1     1     1    -1     1     1    -1     1    -1    -1
[21,]    -1    -1    -1     1    -1    -1    -1    -1    -1     1    -1     1
[22,]     1     1    -1    -1     1    -1    -1    -1     1    -1     1     1
[23,]    -1     1    -1    -1    -1    -1     1    -1    -1     1     1    -1
[24,]     1     1     1     1     1     1    -1     1    -1    -1     1    -1
      [,26] [,27] [,28] [,29] [,30]
 [1,]     1    -1     1    -1     1
 [2,]     1     1    -1    -1    -1
 [3,]    -1     1    -1     1     1
 [4,]    -1    -1     1    -1     1
 [5,]    -1     1     1     1    -1
 [6,]    -1     1    -1    -1     1
 [7,]    -1    -1    -1    -1     1
 [8,]     1     1    -1     1    -1
 [9,]    -1    -1     1     1    -1
[10,]     1     1    -1    -1    -1
[11,]    -1     1     1    -1     1
[12,]    -1    -1    -1     1    -1
[13,]     1     1    -1     1     1
[14,]    -1     1     1    -1    -1
[15,]    -1     1     1    -1    -1
[16,]     1    -1    -1    -1     1
[17,]     1     1     1     1     1
[18,]     1    -1    -1     1     1
[19,]    -1    -1    -1     1     1
[20,]     1    -1    -1     1    -1
[21,]     1    -1     1     1    -1
[22,]     1    -1     1    -1    -1
[23,]    -1    -1     1    -1    -1
[24,]     1     1     1     1     1

[[1]]$value
[1] 3.429843


[[2]]
  [1] 2.731937 2.949701 3.094298 3.116595 3.144637 3.169297 3.194456 3.194456
  [9] 3.200669 3.231718 3.234807 3.234807 3.234807 3.255771 3.260746 3.268495
 [17] 3.282618 3.282618 3.291987 3.299728 3.312134 3.312447 3.314693 3.321578
 [25] 3.321578 3.321578 3.321578 3.321578 3.321578 3.321578 3.323202 3.327975
 [33] 3.327975 3.333207 3.333553 3.345185 3.357113 3.357113 3.357113 3.357113
 [41] 3.357113 3.357113 3.362678 3.362678 3.364274 3.364274 3.364274 3.370021
 [49] 3.374754 3.374754 3.374754 3.374754 3.374754 3.378172 3.379051 3.380283
 [57] 3.380283 3.380283 3.380283 3.380283 3.380283 3.380283 3.381797 3.381797
 [65] 3.381797 3.381797 3.381797 3.381797 3.381797 3.386104 3.386104 3.386104
 [73] 3.386104 3.386104 3.386104 3.388682 3.398795 3.398795 3.398795 3.398795
 [81] 3.398795 3.398795 3.398795 3.398795 3.402331 3.402331 3.402331 3.402331
 [89] 3.402331 3.402331 3.402331 3.402331 3.402331 3.402331 3.402331 3.402331
 [97] 3.402331 3.402331 3.402331 3.402331 3.402331 3.402331 3.402331 3.402331
[105] 3.402331 3.402331 3.402331 3.402331 3.402331 3.402331 3.402331 3.402331
[113] 3.402331 3.402331 3.402331 3.402331 3.405359 3.405359 3.405359 3.405359
[121] 3.405359 3.405359 3.405359 3.405359 3.405359 3.405359 3.405359 3.405359
[129] 3.405359 3.405359 3.405359 3.405359 3.405359 3.405359 3.405359 3.405359
[137] 3.405359 3.405359 3.405359 3.405359 3.405359 3.405359 3.405359 3.405359
[145] 3.405359 3.405359 3.405359 3.405359 3.405359 3.405359 3.405359 3.405359
[153] 3.405359 3.405359 3.405359 3.405359 3.405359 3.405359 3.405359 3.405359
[161] 3.405359 3.405359 3.405359 3.405359 3.405359 3.405359 3.405359 3.405359
[169] 3.405359 3.408929 3.408929 3.408929 3.408929 3.408929 3.408929 3.408929
[177] 3.408929 3.408929 3.408929 3.408929 3.408929 3.408929 3.408929 3.408929
[185] 3.408929 3.408929 3.408929 3.408929 3.408929 3.408929 3.408929 3.408929
[193] 3.408929 3.408929 3.408929 3.408929 3.408929 3.408929 3.408929 3.408929
[201] 3.408929 3.408929 3.408929 3.408929 3.408929 3.408929 3.408929 3.408929
[209] 3.408929 3.408929 3.408929 3.408929 3.408929 3.408929 3.413185 3.413185
[217] 3.413185 3.413185 3.413185 3.413185 3.413185 3.413185 3.413185 3.413185
[225] 3.413185 3.414077 3.414077 3.414077 3.414077 3.414077 3.414077 3.414077
[233] 3.414077 3.414077 3.414077 3.414077 3.414077 3.414077 3.415524 3.415524
[241] 3.415524 3.415524 3.415524 3.415524 3.415524 3.415524 3.415524 3.415524
[249] 3.415524 3.415524 3.415524 3.415524 3.415524 3.415524 3.415524 3.415524
[257] 3.415524 3.418201 3.418201 3.418201 3.418201 3.418201 3.418201 3.418201
[265] 3.418201 3.418201 3.418201 3.418201 3.418201 3.418201 3.418201 3.418201
[273] 3.418201 3.418201 3.418201 3.418201 3.418201 3.418201 3.418201 3.418201
[281] 3.418201 3.418201 3.418201 3.418201 3.418201 3.418201 3.418201 3.418201
[289] 3.418201 3.418201 3.418201 3.418201 3.418201 3.418201 3.418201 3.418201
[297] 3.418201 3.418201 3.418201 3.418201 3.418201 3.418201 3.418201 3.418201
[305] 3.418201 3.418201 3.418201 3.418201 3.418201 3.418201 3.418201 3.418201
[313] 3.418201 3.418201 3.418201 3.418201 3.418201 3.418201 3.418201 3.418201
[321] 3.418201 3.418201 3.418201 3.418201 3.418201 3.418201 3.418201 3.418201
[329] 3.418201 3.418201 3.418201 3.418201 3.418201 3.418201 3.418201 3.418201
[337] 3.418201 3.418201 3.418201 3.418201 3.418201 3.418201 3.418201 3.418201
[345] 3.421250 3.421250 3.421250 3.421250 3.421250 3.421250 3.421250 3.421250
[353] 3.421250 3.421250 3.421250 3.421250 3.421250 3.421250 3.421250 3.421250
[361] 3.421250 3.421250 3.421250 3.421250 3.421250 3.421250 3.421250 3.421250
[369] 3.421250 3.421250 3.421250 3.421250 3.421250 3.421250 3.421250 3.421250
[377] 3.421250 3.423777 3.423777 3.423777 3.423777 3.423777 3.423777 3.423777
[385] 3.423777 3.424442 3.424442 3.424442 3.424442 3.424442 3.424442 3.424442
[393] 3.424442 3.424442 3.424442 3.424442 3.424442 3.424442 3.424442 3.424442
[401] 3.424442 3.424442 3.424442 3.424442 3.424442 3.424442 3.424442 3.424442
[409] 3.424442 3.424442 3.424442 3.424442 3.424442 3.424442 3.424442 3.424442
[417] 3.424442 3.424442 3.424442 3.424442 3.424442 3.424442 3.424442 3.424442
[425] 3.424442 3.424442 3.424442 3.424442 3.424442 3.424442 3.424442 3.424442
[433] 3.424442 3.424442 3.424442 3.424442 3.424442 3.424442 3.424442 3.424442
[441] 3.424442 3.424442 3.424442 3.424442 3.424442 3.424442 3.424442 3.424442
[449] 3.424442 3.424442 3.424442 3.429101 3.429843 3.429843 3.429843 3.429843
[457] 3.429843 3.429843 3.429843 3.429843 3.429843 3.429843 3.429843 3.429843
[465] 3.429843 3.429843 3.429843 3.429843 3.429843 3.429843 3.429843 3.429843
[473] 3.429843 3.429843 3.429843 3.429843 3.429843 3.429843 3.429843 3.429843
[481] 3.429843 3.429843 3.429843 3.429843 3.429843 3.429843 3.429843 3.429843
[489] 3.429843 3.429843 3.429843 3.429843 3.429843 3.429843 3.429843 3.429843
[497] 3.429843 3.429843 3.429843 3.429843 3.429843