[[1]]
[[1]]$design
      [,1] [,2] [,3] [,4] [,5] [,6] [,7] [,8] [,9] [,10] [,11] [,12] [,13] [,14] [,15]
 [1,]   -1    1    1   -1    1    1   -1   -1   -1    -1     1    -1    -1     1    -1
 [2,]   -1    1    1   -1    1    1   -1   -1   -1    -1     1     1     1    -1     1
 [3,]   -1    1    1   -1    1    1   -1   -1   -1     1    -1    -1    -1     1     1
 [4,]   -1    1    1   -1    1    1   -1   -1    1     1     1     1     1     1    -1
 [5,]   -1    1    1   -1    1    1   -1   -1    1    -1    -1     1     1    -1    -1
 [6,]   -1    1    1   -1    1    1   -1   -1    1     1    -1    -1    -1    -1     1
 [7,]   -1    1   -1   -1   -1    1    1    1    1    -1    -1     1    -1     1    -1
 [8,]   -1    1   -1   -1   -1    1    1    1    1     1     1     1     1    -1     1
 [9,]   -1    1   -1   -1   -1    1    1    1   -1     1    -1    -1     1    -1    -1
[10,]   -1    1   -1   -1   -1    1    1    1    1    -1     1    -1     1    -1     1
[11,]   -1    1   -1   -1   -1    1    1    1   -1    -1     1    -1    -1     1     1
[12,]   -1    1   -1   -1   -1    1    1    1   -1     1    -1     1    -1     1    -1
[13,]    1   -1    1    1    1    1    1   -1   -1     1     1    -1    -1     1    -1
[14,]    1   -1    1    1    1    1    1   -1    1     1    -1    -1    -1    -1    -1
[15,]    1   -1    1    1    1    1    1   -1   -1     1    -1    -1     1    -1     1
[16,]    1   -1    1    1    1    1    1   -1   -1    -1     1     1     1     1    -1
[17,]    1   -1    1    1    1    1    1   -1    1    -1     1     1    -1    -1     1
[18,]    1   -1    1    1    1    1    1   -1    1    -1    -1     1     1     1     1
[19,]    1    1    1    1   -1   -1    1    1    1    -1    -1    -1     1     1    -1
[20,]    1    1    1    1   -1   -1    1    1    1     1     1     1    -1    -1    -1
[21,]    1    1    1    1   -1   -1    1    1   -1     1     1    -1     1     1     1
[22,]    1    1    1    1   -1   -1    1    1   -1    -1    -1     1    -1    -1    -1
[23,]    1    1    1    1   -1   -1    1    1    1    -1     1    -1    -1    -1     1
[24,]    1    1    1    1   -1   -1    1    1   -1     1    -1     1     1     1     1
[25,]    1   -1   -1   -1    1   -1   -1    1    1     1     1    -1    -1    -1    -1
[26,]    1   -1   -1   -1    1   -1   -1    1    1     1     1    -1     1     1    -1
[27,]    1   -1   -1   -1    1   -1   -1    1   -1     1    -1     1     1    -1     1
[28,]    1   -1   -1   -1    1   -1   -1    1   -1    -1    -1     1    -1    -1    -1
[29,]    1   -1   -1   -1    1   -1   -1    1    1    -1    -1    -1     1     1     1
[30,]    1   -1   -1   -1    1   -1   -1    1   -1    -1     1     1    -1     1     1
[31,]   -1   -1   -1    1   -1   -1   -1   -1    1    -1    -1    -1     1     1    -1
[32,]   -1   -1   -1    1   -1   -1   -1   -1   -1    -1    -1    -1    -1    -1     1
[33,]   -1   -1   -1    1   -1   -1   -1   -1   -1     1     1     1     1    -1    -1
[34,]   -1   -1   -1    1   -1   -1   -1   -1    1     1    -1     1    -1     1     1
[35,]   -1   -1   -1    1   -1   -1   -1   -1    1     1     1     1    -1     1     1
[36,]   -1   -1   -1    1   -1   -1   -1   -1   -1    -1     1    -1     1    -1    -1
      [,16]
 [1,]    -1
 [2,]     1
 [3,]     1
 [4,]    -1
 [5,]    -1
 [6,]     1
 [7,]     1
 [8,]     1
 [9,]     1
[10,]    -1
[11,]    -1
[12,]    -1
[13,]     1
[14,]    -1
[15,]    -1
[16,]     1
[17,]    -1
[18,]     1
[19,]    -1
[20,]    -1
[21,]     1
[22,]     1
[23,]     1
[24,]    -1
[25,]     1
[26,]    -1
[27,]    -1
[28,]     1
[29,]     1
[30,]    -1
[31,]     1
[32,]    -1
[33,]     1
[34,]    -1
[35,]     1
[36,]    -1

[[1]]$value
[1] 2.938783


[[2]]
  [1] 2.873806 2.895977 2.907991 2.913546 2.919555 2.924674 2.926281 2.928429 2.930502
 [10] 2.932576 2.932601 2.932601 2.932601 2.932601 2.934652 2.934652 2.934652 2.936729
 [19] 2.936729 2.936729 2.936729 2.936729 2.936729 2.936729 2.936729 2.936729 2.936729
 [28] 2.936729 2.936729 2.936729 2.936729 2.936729 2.936729 2.936729 2.936729 2.936729
 [37] 2.936729 2.936729 2.936729 2.936729 2.936729 2.936729 2.936729 2.936729 2.936729
 [46] 2.936729 2.936729 2.936729 2.936729 2.936729 2.936729 2.936729 2.936729 2.936729
 [55] 2.936729 2.936729 2.936729 2.936729 2.936729 2.936729 2.936729 2.936729 2.936729
 [64] 2.938783 2.938783 2.938783 2.938783 2.938783 2.938783 2.938783 2.938783 2.938783
 [73] 2.938783 2.938783 2.938783 2.938783 2.938783 2.938783 2.938783 2.938783 2.938783
 [82] 2.938783 2.938783 2.938783 2.938783 2.938783 2.938783 2.938783 2.938783 2.938783
 [91] 2.938783 2.938783 2.938783 2.938783 2.938783 2.938783 2.938783 2.938783 2.938783
[100] 2.938783 2.938783 2.938783 2.938783 2.938783 2.938783 2.938783 2.938783 2.938783
[109] 2.938783 2.938783 2.938783 2.938783 2.938783 2.938783 2.938783 2.938783 2.938783
[118] 2.938783 2.938783 2.938783 2.938783 2.938783 2.938783 2.938783 2.938783 2.938783
[127] 2.938783 2.938783 2.938783 2.938783 2.938783 2.938783 2.938783 2.938783 2.938783
[136] 2.938783 2.938783 2.938783 2.938783 2.938783 2.938783 2.938783 2.938783 2.938783
[145] 2.938783 2.938783 2.938783 2.938783 2.938783 2.938783 2.938783 2.938783 2.938783
[154] 2.938783 2.938783 2.938783 2.938783 2.938783 2.938783 2.938783 2.938783 2.938783
[163] 2.938783 2.938783 2.938783

[1] 10.79186